starting round  94 current mean list [(139.83498501254053, 152.77965375909952, 145.83250749372974), (196.83044457500978, 160.42366823345085, 107.48046415981199), (103.36879007097062, 98.07319916343813, 80.55999931429355),
(52.329701743163284, 48.46465696465697, 37.862386054693744), (141.7611045863824, 119.72740687204505, 87.93769385972837), (24.5755957783829, 23.61256162457508, 19.15368323633581), (188.74899589228662, 192.06989958922867, 175.61871291647648), (81.4992274354626, 74.37706802336537, 58.09690974185039)]


starting round  95 current mean list [(139.83498501254053, 152.77965375909952, 145.83250749372974), (196.83044457500978, 160.42366823345085, 107.48046415981199), (103.36879007097062, 98.07319916343813, 80.55999931429355),
(52.33678, 48.4702, 37.86682), (141.7611045863824, 119.72740687204505, 87.93769385972837), (24.581149597053958, 23.6182419811069, 19.157727135258224), (188.74899589228662, 192.06989958922867, 175.61871291647648), (81.4992274354626, 74.37706802336537, 58.09690974185039)]


starting round  96 current mean list [(139.83498501254053, 152.77965375909952, 145.83250749372974), (196.83044457500978, 160.42366823345085, 107.48046415981199), (103.36879007097062, 98.07319916343813, 80.55999931429355),
(52.348389033420055, 48.47648589153492, 37.86914148489093), (141.7611045863824, 119.72740687204505, 87.93769385972837), (24.585640369125727, 23.625913479490052, 19.165644280862715), (188.74899589228662, 192.06989958922867, 175.61871291647648), (81.4992274354626, 74.37706802336537, 58.09690974185039)]


starting round  97 current mean list [(139.83498501254053, 152.77965375909952, 145.83250749372974), (196.83044457500978, 160.42366823345085, 107.48046415981199), (103.36879007097062, 98.07319916343813, 80.55999931429355),
(52.348902363370755, 48.476776530387625, 37.86898401072622), (141.7611045863824, 119.72740687204505, 87.93769385972837), (24.585640369125727, 23.625913479490052, 19.165644280862715), (188.74899589228662, 192.06989958922867, 175.61871291647648), (81.49929337277884, 74.37728240592436, 58.097439182950495)]

Mean  0 (139.83498501254053, 152.77965375909952, 145.83250749372974) group size 32694

Mean  1 (196.83044457500978, 160.42366823345085, 107.48046415981199) group size 20424

Mean  2 (103.36879007097062, 98.07319916343813, 80.55999931429355) group size 58334

Mean  3 (52.348902363370755, 48.476776530387625, 37.86898401072622) group size 49971

Mean  4 (141.7611045863824, 119.72740687204505, 87.93769385972837) group size 33207

Mean  5 (24.585640369125727, 23.625913479490052, 19.165644280862715) group size 56241

Mean  6 (188.74899589228662, 192.06989958922867, 175.61871291647648) group size 43820

Mean  7 (81.49929337277884, 74.37728240592436, 58.097439182950495) group size 53069
total time 1567.325206467